0 0.86849 0.824074 0.172396 0.22037
0 0.423438 0.716204 0.0916667 0.156481
0 0.406771 0.521759 0.0375 0.0564815
0 0.530469 0.52963 0.0317708 0.0444444
0 0.463021 0.56713 0.046875 0.0824074
3 0.485417 0.488889 0.040625 0.0574074
0 0.548437 0.481019 0.028125 0.0305556
0 0.584635 0.494444 0.0276042 0.0314815
0 0.298177 0.45463 0.0130208 0.0203704
0 0.316667 0.468056 0.0208333 0.0268519
0 0.338021 0.466667 0.01875 0.0240741
0 0.28724 0.468519 0.0171875 0.0259259
0 0.257552 0.47037 0.0171875 0.0277778
0 0.902865 0.710185 0.114063 0.101852
0 0.934375 0.668056 0.09375 0.0824074
3 0.625 0.475926 0.021875 0.0314815
0 0.389323 0.459722 0.0276042 0.0231481
